00000000000000000000000000000000000000000000000000000000000000000000000000000000
00000000000000000000000000000000000000000000000000000000000000000000000000000000
00000000000001000000000000000000000000000000000000000000000000000000000000000000
00000000000010100000000000000000000110000000000000000000000000000000000000000000
00000000000010100000000000000000001001000000000000000000000000000000000000000000
00000000000100010000000000000000001001000000000000000000000000000000000000000000
00000000001000001000000000000000110000110000000000000000000000000000000000000000
00000000001000001000000000000001000000001000000000000000000000000000000000000000
00000000010000000100000000000001000000001000000000000000000000000000000000000000
00000000010001000100000000000000110000110000000000000000000000000000000000000000
00000001100010100011000000000000001001000000000000000000000000000000000000000000
00000110000100010000110000000000001001000000000000000000000000000000000000000000
00011000001000001000001100000000000110000000000000000000000000000000000000000000
00000110000100010001100000000000000000000000000000000000000000000000000000000000
00000001100010100010000000000000000000000000000000000000000000000000000000000000
00000000010001000100000000000000000000000000000000000000000000000000000000000000
00000000010000000100000000000000000000000000000000000000000000000000000000000000
00000000001000001000000000000000000000000000000000000000000000000000000000000000
00000000001000001000000000000000000000000000000001100000000000000000000000000000
00000000000100010000000000000000000000000000000001010010000000000000000000000000
00000000000100010000000000000000000000000000000000001110000000000000000000000000
00000000000010100000000000000000000000000000000000000000000000000000000000000000
00000000000001000000000000000000000000000000000000000000000000000000000000000000
00000000000000000000000000000000000000000000000000000000000000000000000000000000
00000000000000000000000000000000000000000000000000000000000000000000000000000000
